20	1	1	0.102394
20	1	2	0.0609302
20	1	4	0.0700737
20	1	8	0.119248
24	1	1	1.65515
24	1	2	0.980038
24	1	4	0.768599
24	1	8	0.83507
28	1	1	27.2458
28	1	2	16.403
28	1	4	14.2189
28	1	8	15.0742
30	1	1	111.568
30	1	2	67.2744
30	1	4	46.5785
30	1	8	37.9913
20	13	1	0.112211
20	13	2	0.0687141
20	13	4	0.0895678
20	13	8	0.119231
24	13	1	1.64981
24	13	2	1.02679
24	13	4	0.73215
24	13	8	0.979701
28	13	1	27.1541
28	13	2	16.4615
28	13	4	14.9035
28	13	8	14.5989
30	13	1	104.729
30	13	2	61.6917
30	13	4	49.161
30	13	8	48.1652
20	20	1	0.111905
20	20	2	0.0784312
20	20	4	0.0769511
20	20	8	0.0919334
24	24	1	1.65927
24	24	2	1.01497
24	24	4	0.681765
24	24	8	0.639323
28	28	1	26.7541
28	28	2	17.9908
28	28	4	13.5485
28	28	8	12.4576
30	30	1	108.283
30	30	2	68.2649
30	30	4	53.2195
30	30	8	30.9121
