25	1	1	5.579359	3.668287
25	1	2	2.606778	1.738048
25	1	4	1.361653	0.888508
25	1	8	1.044790	0.632259
26	1	1	11.002793	7.182884
26	1	2	5.761317	3.668784
26	1	4	2.720726	1.918187
26	1	8	1.524667	1.034416
27	1	1	21.682529	14.413108
27	1	2	11.280359	7.879647
27	1	4	6.485360	4.707030
27	1	8	2.972087	1.975873
28	1	1	47.857863	32.451499
28	1	2	20.578035	14.796519
28	1	4	13.239989	10.006009
28	1	8	6.061331	4.103183
25	13	1	5.414872	3.741940
25	13	2	2.710886	1.938538
25	13	4	1.418042	0.953233
25	13	8	0.945207	0.541721
26	13	1	10.778301	7.118300
26	13	2	5.426368	3.775942
26	13	4	6.398517	3.519850
26	13	8	1.789442	1.066542
27	13	1	24.408366	17.538880
27	13	2	12.228823	8.281645
27	13	4	5.819190	3.764529
27	13	8	2.812021	1.788797
28	13	1	43.712455	29.398125
28	13	2	20.601681	13.651608
28	13	4	11.393204	9.000058
28	13	8	6.044709	3.960069
25	25	1	6.562753	3.617166
25	25	2	4.165891	2.404230
25	25	4	1.473653	0.928816
25	25	8	0.731723	0.424204
26	26	1	10.753566	7.149479
26	26	2	5.584807	3.867757
26	26	4	2.768193	1.957058
26	26	8	1.484390	0.983245
27	27	1	21.971091	16.060319
27	27	2	11.228819	7.227281
27	27	4	5.767640	3.695418
27	27	8	3.169006	1.952147
28	28	1	55.428290	28.884020
28	28	2	23.561604	13.962786
28	28	4	11.328805	7.627221
28	28	8	6.267302	4.129057
