1	1	28	0.01	0.001952	|	19.577037	41.078991	2.734420
1	2	28	0.01	0.002508	|	10.331128	21.398794	1.392302
1	4	28	0.01	0.002549	|	5.246204	11.536339	0.708972
1	8	28	0.01	0.002301	|	3.052177	7.113737	0.357100
2	1	28	0.01	0.002277	|	19.465674	43.816157	2.760503
2	2	28	0.01	0.003294	|	9.862659	21.732912	1.420553
2	4	28	0.01	0.002208	|	5.237008	11.880787	0.790062
2	8	28	0.01	0.003891	|	2.812712	7.413621	0.371434
4	1	28	0.01	0.002568	|	11.371951	33.149570	1.440120
4	2	28	0.01	0.003079	|	5.109530	11.103640	0.806641
4	4	28	0.01	0.002704	|	2.685355	6.893902	0.430022
4	8	28	0.01	0.002377	|	1.447484	4.451833	0.260966
